76 
91 61 
21 57 94 
13 14 32 74 
51 85 08 61 93 
19 47 76 00 91 92 
14 61 70 92 43 00 57 
71 37 88 10 84 90 08 20 
00 28 54 68 42 41 12 40 45 
81 17 39 50 37 10 53 97 21 08 
25 34 05 06 95 08 05 22 38 51 90 
10 90 35 84 36 68 93 49 63 92 00 28 
27 06 98 09 58 00 59 17 12 43 80 82 90 
26 88 87 96 17 67 51 07 33 74 47 30 32 55 
13 81 29 29 53 93 36 67 85 84 31 06 43 70 63 
38 72 82 83 32 41 54 32 97 02 43 44 60 20 58 20 
75 15 49 32 20 23 38 86 13 27 34 37 92 59 30 63 95 
40 16 93 91 43 97 10 85 34 63 09 62 17 94 32 79 01 52 
70 85 23 37 53 68 58 55 98 02 39 93 64 17 16 28 69 43 83 
78 19 54 07 17 03 77 71 66 06 72 83 77 06 68 49 19 75 44 72 
00 86 47 73 14 26 46 93 58 20 93 68 01 67 03 44 59 92 30 31 57 
25 37 40 16 89 38 17 66 30 30 24 22 61 66 68 02 51 04 34 48 41 76 
20 25 03 12 35 45 35 77 60 01 10 32 15 63 64 93 56 15 38 93 37 79 76 
29 44 16 80 91 64 44 20 54 76 63 16 36 36 33 78 98 36 84 23 99 17 15 61 
61 12 52 58 80 99 32 75 30 38 73 96 84 75 96 36 18 91 80 37 10 67 86 59 04 
55 49 67 51 20 72 05 95 47 21 91 14 64 45 90 94 03 38 22 39 25 54 56 87 33 92 
36 47 14 69 08 33 27 88 84 86 67 40 11 79 36 14 78 97 51 84 47 74 07 32 22 91 38 
76 41 07 86 72 24 39 31 50 45 52 78 49 60 75 62 23 82 23 72 81 00 08 46 20 59 49 34 
29 99 50 02 17 41 53 52 45 54 54 35 02 78 54 49 32 19 71 77 32 13 66 64 22 80 07 98 25 
33 28 84 55 99 07 72 42 95 29 45 86 19 39 09 98 10 63 99 91 26 01 50 81 92 76 35 91 80 29 
25 76 65 47 70 91 07 31 67 13 36 66 97 28 50 21 02 18 32 28 99 31 86 73 84 85 94 48 24 95 05 
89 07 53 41 73 25 69 50 67 75 98 85 22 56 53 23 01 29 41 25 30 38 12 47 74 46 63 88 04 87 94 98 
79 93 37 38 96 94 75 95 41 45 69 55 86 83 99 52 62 70 52 63 75 21 46 96 66 72 39 29 97 93 03 45 69 
95 15 25 39 39 48 48 55 95 99 49 72 58 56 91 63 72 38 08 97 67 00 60 91 61 36 68 06 29 87 70 10 92 76 
61 51 38 82 58 90 08 65 61 25 74 66 37 43 45 90 15 61 11 93 07 69 79 85 42 40 96 66 39 26 29 11 94 08 84 
20 14 05 32 48 75 16 41 25 26 16 67 01 28 57 05 96 47 98 56 17 83 33 13 12 60 24 16 15 65 17 86 62 45 36 81 
31 66 45 84 84 34 79 81 67 82 06 15 34 30 54 90 66 10 49 12 53 80 87 28 87 03 11 69 60 21 99 34 00 00 41 45 45 
81 01 95 88 04 53 24 86 45 92 43 71 34 82 41 66 86 76 06 28 30 51 71 17 52 88 37 45 33 59 78 63 22 34 83 68 09 77 
28 83 24 43 42 73 56 50 66 85 07 29 58 42 59 27 50 93 90 73 00 58 12 84 57 47 59 07 85 12 05 79 43 09 37 18 81 16 70 
03 65 93 12 66 56 36 90 57 76 99 26 04 99 36 74 28 70 58 29 25 07 29 89 92 96 03 98 06 20 47 57 17 35 30 12 81 37 22 18 
87 36 97 93 10 78 77 48 32 19 13 14 73 18 31 49 77 33 54 59 74 83 18 91 97 86 88 55 48 06 14 25 92 33 06 64 94 42 84 53 64 
23 78 33 15 56 35 65 20 13 08 13 66 62 81 37 75 46 10 34 19 32 27 86 73 86 97 53 43 66 61 97 22 18 75 49 92 22 57 07 40 14 60 
94 05 10 93 49 12 57 95 81 24 50 83 66 60 27 92 14 17 89 18 81 29 53 79 63 21 86 21 33 80 27 61 77 92 52 15 72 97 77 93 66 71 61 
04 20 14 06 68 42 56 15 65 96 40 94 17 17 01 79 50 96 12 58 14 77 07 73 09 42 48 79 09 04 46 30 17 95 19 89 56 72 80 14 16 23 35 23 
69 96 07 01 73 36 38 31 76 50 08 27 42 87 09 53 99 48 14 90 51 27 91 56 38 81 84 21 91 33 24 37 69 22 92 17 20 86 86 85 55 93 28 33 82 
22 54 03 74 92 17 38 39 44 73 03 50 86 43 39 09 89 44 48 04 61 87 57 25 67 13 72 16 43 83 74 02 57 84 51 98 71 77 38 16 63 36 42 82 43 10 
35 94 45 61 86 14 17 04 17 27 95 05 64 73 77 63 00 78 88 29 32 87 60 91 17 21 94 79 02 75 52 15 40 74 44 68 92 92 37 28 59 65 72 74 46 95 13 
39 28 89 07 47 99 10 75 36 71 96 35 29 24 25 51 67 53 79 21 87 29 85 06 27 09 82 93 62 17 04 12 58 37 15 91 23 18 90 74 68 60 86 76 41 68 81 18 
54 39 42 00 68 70 91 51 44 60 26 43 38 96 76 72 47 75 42 12 73 72 04 52 20 08 39 98 99 09 44 75 41 26 99 97 89 06 63 41 02 72 45 98 01 15 38 34 10 
54 58 31 36 61 80 49 02 07 07 72 16 36 70 81 70 10 90 18 57 45 07 83 00 67 94 25 75 21 72 79 30 52 54 99 85 98 00 42 05 15 44 59 29 55 65 38 63 52 59 
61 05 07 81 26 18 36 27 80 14 77 13 27 66 13 25 58 17 14 00 51 96 53 07 13 08 87 92 87 20 78 49 13 96 32 98 60 12 34 04 12 00 63 48 42 57 45 67 41 59 54 
68 36 20 10 58 75 49 70 64 12 19 79 12 52 21 71 22 14 16 82 88 58 45 74 18 26 21 24 81 72 65 79 46 97 01 39 59 81 75 56 49 35 14 14 98 47 98 95 71 60 44 66 
43 47 84 20 17 22 51 90 72 64 18 66 28 74 41 60 78 53 39 12 67 19 41 06 63 57 74 87 16 09 85 39 37 99 86 27 91 15 21 49 44 23 29 07 62 51 21 58 85 07 21 24 91 
70 11 44 65 33 24 48 83 13 11 18 44 25 45 37 41 29 82 72 10 44 38 11 49 49 97 83 54 48 30 90 49 32 14 82 65 14 51 94 47 64 66 87 37 24 82 06 21 29 63 98 81 12 10 
00 43 31 07 51 59 72 02 25 20 90 19 40 29 32 86 56 41 96 78 95 94 89 49 09 35 21 72 29 73 05 42 15 51 00 65 46 82 67 03 60 37 72 72 04 24 10 89 81 47 83 49 56 96 02 
25 32 45 52 94 34 07 89 56 10 33 01 63 13 04 09 24 42 87 43 98 27 21 59 47 32 03 38 61 51 28 34 16 81 62 09 92 46 03 23 05 56 03 18 73 66 11 66 88 32 07 11 98 23 93 83 
75 88 98 17 73 26 76 50 58 75 53 19 09 67 89 54 67 39 28 77 41 84 91 98 42 07 92 24 55 77 18 75 17 42 76 17 24 91 31 03 14 50 36 51 64 60 92 22 51 61 27 44 97 11 38 53 66 
62 85 71 26 36 75 20 46 04 32 72 29 26 86 38 75 56 83 15 55 57 44 57 92 38 72 26 44 57 45 71 63 05 86 82 50 15 49 94 60 99 17 61 83 71 39 91 60 60 20 59 59 56 80 79 55 05 90 
70 66 98 11 83 68 60 46 26 41 93 26 60 88 68 32 00 57 37 88 86 18 45 24 73 28 18 39 98 32 09 60 63 24 75 37 09 41 68 71 13 91 15 95 77 86 68 33 48 02 96 36 41 24 08 27 90 97 71 
61 17 42 16 13 35 57 94 28 62 74 83 17 95 74 91 50 90 39 70 29 04 46 88 90 62 82 63 13 80 75 09 90 28 34 04 36 54 83 29 92 44 83 78 97 64 38 99 84 38 58 62 81 08 97 19 59 47 23 38 
21 55 51 90 74 14 84 70 66 30 97 18 38 48 15 40 74 53 11 80 99 48 85 48 06 39 38 60 54 84 08 80 40 68 91 41 64 47 98 25 95 15 74 64 80 58 44 70 65 33 99 41 96 40 88 47 70 18 32 46 92 
53 25 47 15 13 41 51 12 93 08 95 68 97 65 36 37 47 72 87 42 20 86 57 79 22 64 93 95 06 21 81 91 23 90 16 43 24 24 76 77 05 75 23 83 11 00 69 27 81 30 25 27 67 33 66 58 94 38 36 55 06 23 
33 72 54 49 80 74 74 40 39 17 29 88 67 90 27 88 65 73 15 76 34 98 69 81 73 44 48 62 43 78 60 36 33 60 96 72 43 10 81 68 26 96 02 63 00 93 58 13 89 03 95 96 78 83 62 49 47 51 65 19 94 45 51 
34 83 82 92 62 31 10 98 67 90 79 49 47 12 50 59 42 74 45 59 06 38 67 22 31 24 98 16 17 87 89 04 73 45 71 73 47 81 81 23 72 50 37 88 12 08 71 23 16 16 33 32 48 10 85 65 04 07 04 64 93 35 96 82 
82 51 60 63 83 48 86 94 95 90 41 27 60 08 19 85 57 79 01 34 94 07 26 50 20 61 94 62 14 65 07 91 72 97 86 73 57 00 42 87 30 60 68 64 21 49 10 21 62 91 88 73 42 55 32 75 10 20 95 54 73 22 16 76 30 
44 89 09 80 24 17 21 45 76 95 88 52 82 16 46 09 48 37 48 20 99 00 77 82 81 37 74 92 66 67 24 23 19 14 65 95 21 33 55 89 18 04 80 40 74 57 18 52 08 93 50 84 96 77 37 23 09 54 48 20 72 61 62 94 14 06 
25 72 07 66 89 88 33 81 08 97 09 11 33 25 98 03 58 16 22 66 74 99 33 81 91 36 30 50 58 66 90 15 67 06 14 43 63 46 34 13 35 67 85 05 29 39 08 19 43 28 67 21 49 53 49 59 08 47 47 40 18 38 68 95 56 25 91 
46 58 45 98 91 12 20 17 23 86 84 96 95 68 61 35 49 63 06 17 31 99 85 45 89 94 91 40 01 49 82 00 09 95 46 69 11 81 54 34 00 21 27 84 90 85 82 49 13 58 59 63 41 48 14 62 09 73 79 61 93 94 59 21 21 37 88 57 
68 75 95 83 24 96 13 61 63 36 86 45 26 16 88 79 39 36 24 50 65 87 38 50 32 29 67 49 21 86 87 36 64 17 98 23 36 09 67 79 78 56 99 76 56 60 49 24 78 30 35 81 76 05 80 96 84 84 42 94 04 86 38 46 02 22 45 33 31 
04 90 59 02 69 73 10 22 55 76 20 11 90 92 36 12 39 97 49 17 77 52 82 16 20 13 94 90 94 49 04 57 60 62 85 06 89 87 31 99 04 82 57 98 67 70 18 97 42 58 29 04 19 92 55 58 14 65 51 36 28 47 44 15 00 41 08 63 23 51 
39 14 53 57 88 00 99 73 42 10 05 09 18 18 11 83 69 84 33 23 55 54 11 07 77 59 88 64 43 48 65 01 47 45 87 68 34 82 20 32 38 81 62 76 65 38 44 76 99 98 82 93 09 60 19 24 43 96 27 45 74 41 03 01 88 27 31 62 81 11 51 
07 55 93 87 63 85 44 01 51 32 62 07 61 80 73 20 21 96 86 60 77 48 25 15 46 08 44 54 64 80 59 04 83 56 83 94 51 59 21 53 14 72 87 97 91 04 17 70 50 07 44 73 29 77 86 67 55 67 37 62 76 48 98 83 78 17 42 38 99 32 56 65 
00 39 39 79 25 81 15 19 91 61 34 92 52 40 12 20 78 45 97 03 79 67 06 81 35 34 13 16 46 15 39 89 73 69 37 21 81 75 97 06 50 62 77 82 71 82 94 22 92 34 70 67 33 87 64 82 26 16 91 63 08 87 64 72 24 12 54 33 60 18 95 60 65 
25 46 49 92 13 29 12 03 42 55 82 73 21 54 63 50 88 25 56 78 89 28 47 72 36 14 63 35 06 44 02 99 85 66 42 98 07 15 23 44 95 03 19 16 48 64 87 35 91 20 14 28 31 29 41 65 22 95 03 62 02 80 42 44 89 17 47 50 08 52 73 76 33 19 
88 55 14 82 13 38 82 29 94 10 85 71 70 78 68 29 82 73 34 47 83 20 03 31 95 87 21 45 76 90 10 61 40 60 29 02 86 44 32 62 95 52 93 61 42 16 89 01 73 79 95 88 16 77 05 93 53 28 18 02 34 04 99 41 67 82 70 19 44 64 29 81 56 59 59 
06 53 10 12 47 88 68 45 49 25 89 92 41 31 67 39 33 40 62 86 21 01 48 78 32 15 39 77 01 58 17 54 20 92 21 83 59 79 06 08 83 82 62 75 67 81 79 86 52 76 41 74 20 16 64 62 43 18 37 95 89 22 89 15 17 39 36 61 81 40 39 74 42 52 29 80 
16 93 15 29 76 19 41 82 08 25 13 95 58 63 57 17 66 08 16 43 17 62 72 24 10 05 90 01 83 90 51 50 85 98 05 04 25 31 93 42 08 83 59 15 85 49 21 94 08 19 16 07 40 22 74 63 95 48 59 10 67 41 16 43 26 69 58 10 22 70 56 04 97 84 41 27 35 
67 84 90 42 98 86 41 12 69 14 84 40 85 26 87 55 41 41 33 42 20 59 14 94 81 17 34 06 65 77 01 22 99 27 89 48 27 03 42 60 46 92 12 01 72 49 86 15 16 73 08 90 02 74 47 69 00 89 13 16 00 63 74 65 15 59 86 60 30 20 76 15 84 39 83 89 04 62 
26 16 83 83 75 81 11 44 08 82 56 17 35 65 08 75 45 85 80 17 95 65 73 67 73 12 06 09 54 64 20 80 90 29 52 74 52 78 82 90 60 66 66 71 14 41 46 65 83 05 45 68 44 03 59 55 29 87 24 90 92 44 97 94 29 31 19 76 77 98 89 11 30 61 38 50 77 86 11 
64 20 52 55 04 77 66 35 72 06 81 44 93 84 97 54 73 57 99 74 45 01 11 50 84 14 09 73 81 67 96 42 80 55 56 45 47 53 02 88 84 31 38 60 60 30 45 49 67 57 17 97 69 92 38 19 64 71 55 59 21 43 20 19 01 50 52 38 48 48 09 43 34 96 04 56 61 48 64 81 
00 75 68 59 60 32 56 96 84 27 47 78 51 79 58 61 92 37 75 51 84 52 40 69 45 60 28 08 93 69 81 93 78 22 41 19 61 21 95 17 55 74 36 00 85 66 67 30 96 09 64 90 61 73 00 74 17 47 64 84 82 41 77 63 82 78 27 30 43 73 36 62 67 67 77 87 62 08 54 26 34 
27 64 52 15 31 49 07 29 47 68 40 82 29 88 14 74 85 20 34 03 17 14 49 86 31 27 92 49 29 80 91 07 19 19 25 07 66 97 56 37 14 99 24 75 10 01 08 91 53 18 63 68 99 18 38 60 52 48 58 43 63 58 08 91 76 78 86 28 29 11 54 76 71 19 73 70 80 56 47 50 57 20 
42 93 80 90 30 11 84 02 18 68 65 58 00 43 55 93 04 96 91 08 69 58 03 93 18 06 49 48 76 46 36 32 84 60 37 23 65 41 48 56 96 76 01 98 30 96 81 21 40 59 35 59 14 75 62 89 77 50 43 24 77 53 98 58 94 81 62 67 26 31 27 82 07 48 57 53 02 63 41 18 42 91 63 
89 40 96 67 81 61 95 04 83 76 21 14 10 67 94 64 21 34 38 72 51 58 91 31 49 63 33 90 47 52 96 89 75 40 67 01 41 71 65 88 79 38 79 21 01 90 66 66 40 53 99 00 41 43 44 38 66 96 75 49 71 00 03 46 47 47 15 13 49 97 10 70 19 68 36 22 45 38 93 08 31 86 28 93 
30 50 69 10 36 29 36 03 60 09 74 79 90 35 43 17 84 23 09 37 61 14 75 86 64 79 98 44 54 77 18 98 02 56 62 92 47 29 39 04 83 91 95 53 41 19 31 94 31 20 69 93 19 62 62 46 78 72 33 44 23 11 39 28 41 29 41 46 37 01 88 68 14 49 82 46 88 54 41 90 78 52 24 59 58 
41 37 04 15 64 77 96 04 14 40 61 37 28 57 51 98 96 63 79 31 78 78 51 76 35 09 17 15 73 39 69 97 18 21 23 01 94 37 00 16 51 48 43 81 01 87 98 76 01 24 84 14 61 56 77 01 99 52 50 34 28 04 74 08 02 11 36 70 92 50 74 34 29 68 83 69 89 37 97 70 46 06 98 46 74 14 
51 11 22 63 34 34 51 40 42 16 44 84 39 55 79 80 52 82 96 83 57 99 23 39 73 31 01 27 99 13 81 82 13 10 23 16 77 13 69 92 55 99 33 93 95 96 65 19 81 39 39 54 06 71 23 55 65 64 76 77 34 05 40 16 20 53 59 60 53 74 98 38 10 89 00 72 30 32 53 87 27 38 87 21 37 91 01 
75 30 26 22 30 13 16 98 99 43 48 30 23 01 24 44 81 20 71 17 30 40 09 33 32 68 64 09 02 22 67 59 18 38 30 32 35 12 40 91 44 71 58 74 12 26 71 07 54 16 81 97 56 82 73 90 31 01 55 15 91 00 08 91 28 76 39 38 19 73 76 48 92 06 97 73 13 01 28 73 15 41 11 91 18 83 76 96 
89 37 03 55 62 74 28 80 81 47 70 12 87 04 27 88 12 68 34 46 87 60 10 22 53 56 05 93 59 32 71 16 38 03 53 20 68 13 45 01 78 69 94 69 25 78 98 21 99 91 90 55 76 07 35 24 86 38 59 37 03 85 14 05 39 40 02 43 39 53 78 17 50 77 34 63 94 34 97 45 80 26 38 02 99 09 26 38 56 
77 24 98 51 64 66 07 82 07 01 94 82 95 51 85 56 18 68 88 34 77 36 53 07 38 08 30 53 00 06 15 37 81 02 91 82 57 89 58 82 78 54 88 83 03 89 52 81 59 24 81 64 77 29 24 61 08 78 22 13 79 04 98 29 73 51 71 53 16 50 86 86 42 19 77 09 11 23 52 42 81 86 18 80 69 94 31 52 35 84 
02 32 09 51 17 62 91 80 37 00 60 18 08 67 03 06 57 99 16 85 15 80 78 91 15 56 55 52 38 17 30 11 33 43 23 81 96 92 90 51 23 37 74 65 30 26 83 77 61 77 81 11 57 67 64 26 29 45 02 26 95 21 22 00 22 55 14 30 48 04 39 80 09 55 06 67 53 93 17 50 65 39 34 38 88 01 66 35 60 78 43 
45 48 59 56 43 14 56 46 40 77 12 24 36 13 24 73 03 64 26 58 95 85 63 70 10 07 11 28 12 45 63 75 37 32 52 89 88 96 11 46 54 77 56 45 41 93 92 55 53 44 10 72 33 78 04 49 72 04 51 07 07 64 89 63 36 70 50 98 33 93 65 05 19 34 07 20 70 50 85 00 04 63 60 43 42 41 96 97 70 58 06 78 
21 38 20 36 79 78 31 74 30 75 40 83 83 23 62 80 51 23 07 20 43 81 18 69 49 12 49 05 58 42 86 33 09 25 98 90 06 63 01 23 87 49 37 03 01 11 46 73 66 94 42 91 62 51 53 65 37 70 52 29 88 17 31 75 79 28 47 85 58 22 95 67 60 64 33 56 28 54 13 63 50 84 48 59 53 15 65 61 42 33 74 92 20 
35 10 26 92 89 65 47 82 43 75 44 62 09 86 96 23 02 46 29 89 55 65 33 16 05 79 01 52 62 60 83 13 40 18 24 61 89 29 69 27 03 32 08 58 15 29 44 48 91 55 66 25 09 10 86 50 46 51 48 08 57 33 54 30 64 80 21 55 53 97 08 45 70 83 26 67 53 77 87 69 50 77 84 51 91 77 60 60 50 63 78 05 59 96 
26 40 33 48 86 94 43 01 87 91 06 77 84 58 33 19 78 54 01 79 09 15 84 40 61 51 23 26 83 90 49 28 84 13 61 02 01 52 64 53 96 24 59 87 82 57 08 25 33 75 51 55 83 16 13 49 60 33 60 79 72 66 50 88 77 20 53 50 66 54 61 44 89 04 70 18 36 41 70 42 37 07 03 29 63 08 44 33 95 21 47 88 67 85 25 
12 22 39 06 30 97 81 20 43 85 96 71 00 77 41 52 95 39 27 48 50 21 98 81 01 69 29 61 51 10 55 77 15 02 49 07 06 25 67 66 95 72 69 83 92 53 40 29 88 52 16 68 98 48 44 72 37 50 78 68 89 53 36 51 88 63 33 32 71 94 95 67 24 99 93 19 82 26 75 15 03 58 59 35 79 45 59 03 05 72 89 28 54 68 41 31 
02 19 76 51 46 68 07 30 35 85 41 83 86 74 36 64 98 02 43 13 29 34 10 03 47 36 88 87 25 42 38 43 07 48 66 20 81 24 95 02 07 12 92 67 46 92 67 74 13 96 58 55 11 49 14 40 82 06 04 86 12 75 45 53 29 95 97 91 52 56 03 74 99 27 25 56 36 88 63 79 62 17 97 07 16 42 44 22 09 14 68 53 48 85 36 67 73 
69 63 02 64 71 30 74 49 46 23 26 54 89 74 57 40 07 58 03 64 79 26 00 04 57 16 10 99 06 36 32 22 47 62 83 52 94 29 71 71 47 73 42 30 35 02 26 19 76 39 70 01 43 36 64 21 96 84 67 57 85 25 38 37 69 96 58 77 67 03 78 60 76 65 59 18 83 03 44 50 98 44 23 05 31 08 44 92 61 16 26 41 88 34 11 59 43 68 
35 29 43 12 44 85 43 91 26 04 04 85 09 60 11 79 70 78 57 24 13 28 44 54 79 01 93 49 22 03 41 87 20 26 95 65 61 97 25 46 80 00 87 11 62 57 21 53 08 54 50 24 81 17 04 46 09 11 97 08 80 67 01 62 03 13 09 27 63 24 64 31 48 46 34 95 82 25 00 78 27 90 55 97 03 27 67 43 90 79 11 03 36 24 26 09 69 65 88 
15 22 71 67 47 50 11 65 06 90 26 84 70 03 77 32 87 71 01 22 98 84 35 62 79 80 25 87 44 93 85 50 00 51 22 08 99 95 92 14 64 47 03 74 46 08 30 57 92 20 63 27 68 48 40 91 33 44 00 18 86 38 02 30 06 06 39 25 96 83 14 32 45 55 73 39 29 02 94 22 61 23 14 02 13 26 85 58 15 01 59 19 59 61 74 75 08 81 63 24 
49 05 29 84 75 57 35 12 43 34 41 33 98 97 34 36 96 55 86 35 31 64 86 58 90 08 90 52 38 11 11 74 73 41 20 52 35 37 63 93 16 48 73 15 59 97 79 80 83 61 87 12 38 85 47 65 07 15 63 42 77 74 81 11 84 64 95 33 59 17 11 45 80 74 17 05 54 20 85 54 44 61 63 94 45 60 83 39 44 09 36 40 62 85 46 36 05 37 91 40 33 
63 10 00 67 35 31 58 45 02 66 41 50 63 16 01 15 22 16 42 35 09 81 58 82 02 59 17 59 12 75 00 98 80 70 52 16 45 00 42 48 22 13 92 77 66 73 69 67 48 45 03 21 24 97 24 79 23 51 86 74 33 40 59 47 13 80 64 67 08 37 45 32 98 96 22 05 58 94 51 68 53 45 16 42 52 10 82 49 87 31 41 78 35 07 75 26 48 04 63 63 18 84 
66 19 89 64 13 14 20 65 14 43 94 73 43 43 83 76 89 40 74 86 47 06 43 28 23 34 14 87 42 51 60 09 22 84 95 41 09 89 21 98 40 66 69 61 07 74 99 79 21 55 02 82 32 95 72 79 96 23 76 52 58 81 10 12 46 55 55 34 26 19 23 37 29 67 15 21 00 85 69 30 68 47 33 61 92 83 28 67 98 00 44 97 37 05 35 16 85 14 51 23 39 95 77 
51 94 28 11 41 80 30 57 70 34 25 69 44 88 13 09 26 53 23 66 03 67 79 91 76 03 95 05 70 93 10 26 39 66 85 75 90 69 67 13 65 42 49 49 32 46 32 02 19 97 04 32 25 04 63 27 75 79 85 77 12 96 63 02 28 91 25 69 13 54 57 82 13 29 35 59 02 58 88 86 35 85 07 72 99 70 19 81 21 08 26 72 67 25 54 28 72 28 90 91 34 90 64 96 
37 46 49 19 10 82 33 28 95 85 52 56 36 49 12 81 54 00 12 33 30 18 86 20 53 55 75 84 54 95 54 80 89 63 11 94 90 40 23 89 45 82 09 97 28 96 11 47 39 81 89 43 73 83 67 81 83 65 28 29 54 56 98 50 50 63 96 89 53 23 15 18 59 76 02 45 44 27 87 89 72 93 57 27 48 91 05 07 01 66 50 48 92 22 69 09 28 45 30 48 90 84 72 56 41 
82 09 94 32 26 15 09 74 93 70 51 84 78 15 83 73 80 94 04 04 09 42 55 61 25 93 56 70 43 58 34 21 33 61 77 16 42 73 97 97 54 35 20 88 50 12 87 96 48 68 01 04 01 98 75 12 32 17 41 38 87 40 74 60 76 41 67 00 89 41 35 19 64 09 80 45 73 16 86 91 24 32 82 86 43 19 44 75 15 89 68 19 66 89 90 44 72 86 80 65 48 04 97 47 28 07 
20 20 81 48 37 12 80 99 33 19 50 90 33 71 34 49 46 16 98 80 83 90 01 86 69 72 65 50 46 16 65 95 66 53 76 35 90 37 00 36 79 52 99 01 99 48 66 87 22 10 66 89 47 40 57 84 32 57 52 68 35 90 10 89 88 66 22 05 82 74 87 63 86 13 36 44 91 85 06 50 85 59 17 97 68 67 49 76 04 38 85 52 09 59 16 64 93 55 51 90 44 59 58 53 61 06 70 
12 49 86 62 36 64 01 66 86 20 70 01 13 62 07 08 99 03 44 47 44 33 97 58 25 96 56 47 30 51 14 77 06 04 85 59 98 30 51 91 44 69 78 56 95 24 38 28 08 43 92 87 07 96 46 07 47 49 57 01 75 44 99 98 25 78 44 36 39 93 01 39 60 70 46 70 79 49 80 20 82 46 78 34 84 14 35 25 98 04 83 85 20 68 99 40 74 81 52 49 17 03 24 20 26 72 60 14 
74 34 63 24 27 18 07 00 61 59 73 06 23 55 82 80 49 93 34 75 61 15 28 70 45 54 69 10 39 10 31 77 41 19 92 44 53 58 10 16 74 42 50 09 67 83 29 80 01 28 97 42 97 75 17 85 85 76 64 51 98 15 00 61 95 86 52 52 71 53 47 25 15 17 32 60 83 62 31 97 68 24 63 44 95 44 94 97 56 45 14 51 03 04 36 86 05 53 06 85 97 82 07 88 27 76 65 47 24 
56 19 58 94 72 84 51 72 96 60 24 27 72 03 84 62 86 35 87 91 83 95 43 49 16 06 82 07 54 70 28 46 21 54 05 78 03 90 97 49 95 47 01 23 13 94 88 81 62 23 13 28 78 38 96 49 14 89 97 06 25 50 25 09 00 26 95 69 91 89 84 48 97 12 75 20 62 26 67 73 23 52 30 44 79 33 77 22 26 27 41 26 04 83 23 77 31 52 04 73 46 67 77 95 49 43 14 47 55 18 
92 52 50 04 21 18 72 54 85 96 95 23 38 25 49 27 78 15 40 76 19 46 25 88 09 21 87 53 96 88 68 66 99 36 14 88 81 86 78 55 83 01 53 03 24 11 54 17 06 93 44 73 46 98 19 96 76 57 39 87 19 78 18 45 89 45 78 41 24 32 63 68 04 71 22 27 55 47 57 67 93 83 50 43 05 93 65 10 43 40 22 15 95 08 62 07 29 03 95 29 77 99 33 02 42 45 15 77 01 49 36 
68 87 61 58 16 33 47 38 29 37 08 45 36 50 19 99 84 51 39 09 46 86 77 31 45 59 61 36 69 46 86 09 91 06 05 56 50 82 31 53 31 53 03 07 77 29 06 68 84 54 81 55 13 10 15 46 63 83 64 81 43 92 80 36 83 28 97 25 32 18 66 68 70 51 70 99 95 90 19 46 93 02 63 58 81 23 11 03 00 06 01 33 68 55 06 15 70 03 22 34 74 25 29 79 80 57 57 00 71 07 58 55 
78 24 21 32 27 17 18 72 79 86 21 70 43 68 92 88 57 40 68 44 19 01 49 25 71 61 16 82 19 71 80 55 82 16 96 85 57 98 40 58 99 48 76 57 92 78 19 34 27 20 26 07 37 61 08 83 33 22 01 07 77 87 91 47 26 38 30 13 06 88 38 13 39 81 23 51 71 49 22 76 38 84 91 66 27 34 41 75 34 60 69 27 14 76 52 74 09 16 68 04 37 25 22 24 56 41 22 01 59 60 90 76 31 
44 59 52 15 67 37 58 19 65 82 84 26 76 79 16 09 43 60 36 40 62 58 23 84 48 33 44 69 06 61 36 22 72 31 90 55 20 37 33 13 90 02 13 37 39 37 99 83 77 57 77 33 69 64 80 36 89 23 09 38 97 31 00 05 10 11 94 31 70 36 42 15 54 98 38 99 34 49 84 63 39 16 88 63 29 11 05 04 16 60 16 31 59 46 52 54 63 06 68 54 10 81 67 08 43 38 74 92 43 86 77 62 21 93 
18 06 44 24 52 55 48 16 75 45 34 06 16 20 05 26 08 61 47 73 28 49 07 97 25 25 67 77 23 71 75 52 07 64 28 79 13 38 67 65 87 01 79 65 58 32 70 83 99 21 05 68 91 74 62 50 89 35 20 00 07 56 22 55 88 68 14 08 21 77 22 86 43 50 67 29 84 97 64 93 18 28 24 70 57 98 90 77 52 87 33 88 54 66 48 72 82 78 48 93 50 77 29 58 26 71 86 58 40 00 54 77 33 07 58 
42 71 12 38 60 92 73 53 29 33 23 04 72 01 82 93 73 15 18 67 67 08 71 41 64 13 07 75 56 01 08 78 96 18 89 21 85 75 14 42 60 51 32 08 30 49 94 28 37 69 61 82 00 52 84 51 12 31 57 26 56 71 11 70 99 23 76 16 41 62 59 77 75 55 73 41 22 19 58 47 28 10 43 86 46 12 75 52 23 62 71 72 05 82 24 36 71 53 00 67 20 01 87 50 18 35 04 53 30 97 47 58 42 74 79 56 
00 33 34 95 67 16 47 46 36 63 82 93 84 13 67 86 16 32 02 72 88 19 63 56 36 56 60 88 29 37 66 36 57 51 81 46 70 41 62 43 82 35 51 74 64 52 59 47 29 86 37 66 37 77 65 31 26 62 26 77 90 17 73 32 19 90 64 87 10 29 68 26 83 09 21 29 90 57 38 91 59 83 55 73 70 21 03 23 91 72 99 82 83 73 52 20 87 67 58 17 18 11 99 23 79 86 13 20 94 57 43 26 10 36 44 48 44 
01 48 43 24 33 66 74 15 03 32 39 68 90 67 49 80 56 65 28 15 59 75 29 63 21 92 24 91 47 24 63 71 10 51 66 18 82 37 42 48 47 18 94 70 55 23 12 32 79 55 99 37 10 85 50 33 58 80 23 12 08 40 04 15 79 38 35 75 48 54 88 97 84 95 57 06 52 86 50 66 31 35 61 97 13 46 95 97 19 81 27 86 04 66 74 93 81 17 57 96 49 86 32 30 36 27 63 92 59 44 25 24 06 51 06 49 33 91 
91 99 96 47 05 31 08 04 91 75 31 69 06 85 94 28 09 69 64 53 15 45 46 14 12 05 39 25 88 48 22 81 80 37 19 08 92 67 87 86 90 86 83 58 21 52 83 07 68 88 70 94 81 87 73 40 03 59 02 58 30 54 28 05 20 62 62 72 89 16 94 68 19 01 31 24 07 08 08 75 76 14 96 47 94 44 91 95 05 88 13 29 20 32 86 81 84 78 37 26 62 06 76 39 43 52 12 84 32 68 50 13 13 29 26 86 54 42 41 
79 41 49 26 97 09 46 23 53 63 43 97 33 43 65 70 13 44 19 01 36 34 48 79 31 78 64 83 65 24 14 55 21 49 51 39 96 17 67 55 94 60 65 36 36 29 26 04 32 17 41 15 54 13 70 60 66 82 08 33 16 36 92 56 79 84 57 88 40 28 66 91 08 97 10 91 56 84 25 94 67 75 05 12 91 36 59 45 83 54 01 80 49 85 15 57 36 15 84 51 20 91 19 29 22 09 92 35 92 36 00 51 19 45 54 89 76 37 40 77 
77 38 35 69 51 32 23 63 07 28 99 46 07 22 04 59 94 49 83 85 20 79 94 73 14 70 84 86 21 13 44 92 69 94 57 88 88 05 58 67 33 24 24 33 49 03 05 59 11 83 04 98 96 74 52 49 07 09 43 82 10 28 05 14 09 97 65 63 04 97 68 55 84 19 36 12 71 79 04 00 87 96 32 71 52 46 21 62 82 36 33 97 10 13 59 59 75 37 14 62 21 66 03 03 56 45 61 21 78 64 91 44 63 84 96 41 00 87 53 80 51 
42 08 91 63 61 46 33 73 22 07 93 41 36 15 77 75 51 82 43 52 35 57 41 11 64 78 88 29 53 02 68 54 33 77 65 92 34 07 33 37 72 04 04 41 97 60 34 96 00 33 99 54 35 95 35 27 64 12 31 07 67 27 75 57 29 01 61 95 58 90 47 31 27 17 86 77 04 97 22 00 71 02 51 22 75 03 57 39 30 89 29 79 16 86 47 59 67 93 63 51 25 43 52 44 39 11 69 85 79 89 79 98 59 29 01 73 28 82 31 01 24 48 
82 70 55 46 16 81 01 22 92 15 93 18 18 95 77 03 23 77 06 02 35 27 74 08 94 02 35 35 72 97 22 85 33 80 03 72 06 78 98 07 13 21 85 70 04 31 26 66 59 45 40 02 08 55 42 86 13 82 03 70 84 36 16 47 62 91 45 34 33 28 41 22 29 81 90 58 60 27 86 22 29 56 96 63 09 74 05 63 82 64 02 95 63 59 15 36 91 59 31 05 02 41 32 94 87 85 62 42 26 87 73 50 27 60 60 58 38 09 20 93 67 76 71 
24 94 31 42 05 84 22 79 63 09 54 84 02 70 02 22 89 34 40 19 81 86 80 80 66 88 09 60 82 75 28 13 73 53 49 36 62 45 94 69 85 41 30 28 80 06 78 56 65 06 47 70 98 78 20 71 68 39 54 14 90 50 03 95 62 09 35 53 67 16 67 49 56 74 64 10 14 62 37 14 40 54 94 89 38 19 62 12 47 66 51 85 28 81 66 52 12 19 42 63 33 84 12 32 59 78 76 94 42 44 83 14 90 82 98 55 90 64 66 51 91 31 34 93 
63 96 58 84 50 32 48 52 26 74 78 97 86 11 15 55 58 02 95 38 92 83 02 61 98 08 69 98 91 88 67 75 14 62 99 56 04 86 61 22 67 51 91 89 26 22 58 87 06 23 33 35 24 42 78 17 59 88 87 30 39 81 40 79 53 89 87 00 05 12 19 90 29 22 56 17 75 50 11 00 85 37 34 18 71 33 26 49 21 82 15 91 33 46 75 75 04 26 98 12 88 29 83 89 36 35 58 56 32 28 08 17 46 13 13 68 20 22 74 97 87 05 24 89 72 
09 18 42 46 64 87 54 93 48 47 68 69 78 56 49 98 74 09 79 96 63 64 29 59 66 77 18 13 17 65 97 59 86 44 81 11 33 86 55 59 72 30 92 58 78 91 02 76 02 05 41 91 38 57 12 82 12 21 83 07 17 66 57 00 84 58 03 82 05 05 08 31 92 82 40 91 06 79 88 76 13 14 74 42 29 42 93 84 96 18 81 31 44 34 72 04 01 92 38 98 92 32 72 56 92 78 07 04 70 17 44 06 01 82 66 14 69 48 14 64 48 09 14 00 77 54 
14 84 24 06 31 50 47 35 72 85 44 23 05 90 22 78 75 82 49 82 19 25 31 79 84 24 85 61 03 83 39 88 19 53 34 87 43 80 63 59 98 72 13 50 61 93 52 14 49 20 32 18 52 43 29 19 75 70 18 72 80 00 90 77 90 33 00 53 48 87 74 26 07 73 53 20 17 11 93 55 02 39 14 19 97 94 16 32 26 09 46 67 98 25 32 41 94 43 81 48 40 20 56 38 20 48 11 22 31 95 16 09 34 64 50 44 05 54 89 56 42 54 60 98 21 87 07 
76 64 08 28 44 24 82 22 73 25 60 21 72 77 48 34 63 12 21 88 80 41 52 82 10 93 19 42 48 30 65 00 59 01 57 84 42 25 30 30 89 74 75 10 17 44 29 01 81 67 38 64 41 85 71 72 91 14 21 62 25 24 95 34 41 68 20 80 70 80 74 75 22 87 63 96 29 36 47 11 05 97 49 04 70 33 48 75 73 08 82 84 66 15 61 72 56 95 31 38 87 43 76 94 85 47 96 86 10 75 65 99 56 65 89 27 39 98 72 49 08 40 25 61 38 30 05 22 
12 80 28 73 77 85 51 66 69 04 50 80 90 97 01 39 33 00 97 43 46 07 85 93 29 44 77 37 33 15 19 27 97 82 51 87 52 91 69 09 46 73 02 65 26 53 24 50 12 96 15 49 19 03 82 44 42 18 69 45 75 28 50 75 78 30 44 76 55 61 52 82 62 36 36 22 04 11 56 86 49 13 88 35 14 46 13 82 36 26 34 12 12 45 96 92 98 17 53 24 55 13 74 84 44 40 35 21 38 54 74 45 77 76 64 83 13 09 78 27 76 97 08 52 23 57 12 47 80 
99 27 09 50 78 64 56 96 96 88 23 71 80 07 66 07 78 94 64 28 82 32 39 04 27 31 73 13 70 01 47 24 03 21 95 65 05 04 78 00 83 86 79 72 04 36 26 28 74 33 39 99 72 84 21 43 76 46 70 18 06 23 41 08 16 89 40 53 57 27 73 17 45 22 33 40 56 98 45 08 88 39 60 94 99 95 13 92 71 98 31 00 03 89 18 89 96 90 91 98 13 22 02 85 89 96 15 01 81 79 82 92 07 71 70 10 01 78 98 28 03 37 35 48 15 65 09 02 62 88 
88 09 68 29 67 22 93 07 51 10 40 23 39 05 85 94 04 69 30 01 99 07 31 14 50 83 10 69 85 59 01 47 58 24 32 42 13 21 94 58 55 50 10 23 55 48 42 75 85 25 54 85 80 64 77 85 36 50 72 72 57 51 65 36 22 10 31 09 24 57 01 57 30 32 84 28 14 01 62 84 28 58 58 03 45 10 30 08 43 25 03 97 76 49 73 27 90 60 07 28 23 79 84 13 72 94 69 38 36 23 96 93 39 76 40 81 39 35 46 44 11 10 18 24 36 97 06 93 62 99 17 
54 77 18 81 39 67 04 90 07 85 49 61 80 14 16 15 00 47 08 44 59 72 37 48 82 69 23 16 14 30 75 35 93 91 81 95 52 92 57 85 43 65 94 38 24 39 43 15 92 97 75 10 19 47 65 41 54 50 29 15 70 76 69 47 04 12 52 94 71 15 76 10 06 19 50 74 06 92 50 85 44 54 61 94 95 49 82 59 79 93 97 86 44 72 87 60 00 26 97 13 17 92 13 35 08 33 88 83 14 42 57 88 95 26 68 16 62 82 03 80 45 53 87 72 26 83 65 91 47 62 55 51 
18 72 47 46 18 32 58 44 35 45 14 01 36 62 77 56 97 38 71 00 96 26 36 87 04 61 65 78 63 88 48 74 01 95 87 44 53 81 85 00 62 53 98 18 14 49 47 63 80 03 59 26 28 48 60 06 72 51 78 70 21 13 74 13 98 89 67 48 88 89 74 63 89 04 15 46 27 18 15 52 93 52 67 85 91 96 54 74 27 90 25 34 46 86 07 64 43 76 53 91 48 01 10 06 15 30 97 11 27 37 96 01 25 49 22 16 86 87 90 98 68 01 53 53 15 99 03 91 76 67 35 20 12 
05 52 73 42 50 07 53 18 19 84 56 63 52 81 78 70 81 18 52 99 03 37 25 61 81 94 20 37 62 35 00 12 31 41 69 72 78 35 26 58 13 50 27 01 07 28 41 51 75 66 77 25 01 81 63 68 04 91 47 70 55 01 12 33 48 94 67 15 15 98 04 59 12 43 91 35 51 75 94 92 10 42 77 56 94 18 95 73 80 81 28 23 28 09 51 14 65 07 05 81 54 43 72 85 48 91 91 63 14 63 40 06 65 29 23 03 69 07 68 67 63 33 91 46 54 63 27 47 32 52 87 83 80 42 
33 52 95 00 32 89 13 61 97 62 62 90 52 83 07 37 41 94 45 89 24 94 97 97 68 76 41 84 83 38 65 00 05 32 65 54 90 16 59 65 01 82 60 67 66 13 76 24 90 51 61 75 84 21 13 72 16 99 24 30 26 67 76 46 23 48 14 15 02 53 50 01 02 39 63 79 33 15 36 12 07 89 85 89 94 90 47 76 29 66 52 00 19 92 68 38 35 76 35 23 74 12 79 21 65 61 13 22 87 14 39 74 99 10 33 13 39 62 34 27 81 82 38 79 26 41 86 64 07 47 66 96 75 07 25 
07 72 29 94 72 25 38 25 11 89 70 59 03 73 03 01 69 61 04 37 32 81 42 67 38 19 44 82 30 41 56 61 68 20 77 28 83 14 18 27 51 16 80 62 95 15 84 66 76 74 43 42 02 80 27 40 03 67 02 99 01 74 80 50 41 22 90 82 86 83 87 68 52 33 02 77 02 49 76 36 50 41 61 88 09 86 34 21 29 64 10 76 61 40 03 44 92 06 10 58 90 27 84 61 98 11 51 83 16 25 54 09 21 97 75 51 52 29 99 20 17 38 11 10 40 73 51 88 15 16 30 05 85 10 48 09 
04 34 97 98 06 58 99 75 45 94 55 46 08 02 66 35 94 30 01 39 48 70 55 15 31 11 95 07 34 58 22 08 09 05 62 82 22 29 90 14 09 01 23 31 31 66 79 57 14 01 28 45 72 95 49 52 90 68 04 91 83 63 55 42 84 38 20 33 89 85 14 95 27 99 56 02 56 46 87 66 62 24 93 45 76 78 68 12 71 76 11 27 54 85 94 87 26 67 00 92 10 38 58 81 41 88 82 97 92 34 40 33 48 90 52 02 04 15 53 04 79 42 21 20 48 47 94 10 60 40 83 39 70 66 13 21 21 
81 84 95 30 86 94 20 13 04 12 15 78 65 46 23 49 89 93 22 41 38 10 68 42 20 04 98 27 13 74 60 65 09 97 15 37 25 05 79 25 88 34 27 97 55 93 57 44 54 38 20 92 15 01 08 52 86 50 28 20 88 38 28 01 18 09 18 59 38 35 54 80 78 34 21 39 77 42 85 53 90 21 45 34 98 29 69 01 32 63 34 67 66 05 51 82 67 63 02 19 81 47 77 01 28 77 19 59 90 47 74 96 66 62 68 82 73 60 80 27 70 35 59 63 87 79 41 91 35 51 10 20 71 08 74 42 05 84 
85 91 15 61 85 19 68 29 00 24 93 63 60 96 26 15 86 79 58 67 04 40 14 23 23 41 94 89 58 82 92 29 23 48 42 44 68 97 94 49 93 31 76 08 19 03 40 01 41 67 49 79 35 67 11 79 63 40 01 61 36 30 91 39 79 19 26 57 63 33 62 99 39 51 05 71 59 70 70 48 88 57 99 28 20 40 51 74 93 54 08 03 04 23 15 94 38 73 87 64 01 59 02 09 73 07 29 29 70 48 89 62 34 56 11 29 36 53 72 13 17 97 97 92 48 25 96 25 26 57 10 34 04 34 61 62 68 04 63 
64 35 16 86 02 24 49 52 03 49 30 29 59 80 61 14 12 46 29 79 20 10 94 46 36 86 45 03 96 37 22 86 59 26 81 65 81 47 00 57 71 18 22 94 23 64 18 74 48 65 57 26 18 97 87 14 45 48 07 06 01 37 23 46 02 07 77 45 64 29 50 26 59 91 10 51 73 97 16 55 89 65 57 16 10 35 18 95 39 85 65 63 20 63 44 53 83 32 69 61 71 40 20 25 97 07 00 04 28 44 82 02 28 94 07 41 43 14 45 38 96 82 90 84 49 52 00 85 96 45 47 66 73 88 07 84 14 96 29 69 
62 12 20 23 58 93 12 10 15 63 06 56 01 12 83 94 37 80 85 84 37 81 31 25 96 23 88 01 47 78 60 79 99 48 15 96 78 92 06 48 77 50 14 30 40 42 70 35 87 65 73 60 06 66 69 20 18 35 17 37 33 64 87 83 19 40 27 61 90 12 50 94 35 88 64 04 03 29 09 63 54 65 12 85 06 17 36 50 69 55 25 20 14 57 28 46 54 17 95 25 98 64 34 05 46 27 28 89 82 18 84 49 47 79 33 00 43 41 35 28 36 54 24 44 33 47 33 47 90 47 37 61 09 52 76 52 21 58 54 61 72 
48 07 82 29 47 40 10 25 35 00 83 55 45 03 69 39 17 77 81 64 41 50 06 35 68 22 21 25 16 70 63 74 47 18 65 13 48 19 85 66 87 90 61 17 81 27 19 81 42 66 61 69 49 06 65 88 96 47 15 75 72 82 02 89 33 87 17 68 04 33 63 80 77 93 20 66 54 42 84 14 86 32 12 49 62 57 07 86 09 51 52 41 40 74 51 22 16 09 72 15 75 23 46 86 75 26 38 99 99 70 21 94 02 37 77 01 11 33 66 49 74 67 67 47 74 08 50 82 96 11 80 29 65 07 01 05 39 32 05 66 91 13 
51 80 37 68 15 77 70 43 44 00 45 52 08 70 70 24 02 80 64 45 09 37 14 83 62 63 22 86 30 70 44 51 62 37 26 44 98 81 50 73 06 66 69 92 41 39 63 41 79 31 00 92 38 20 07 27 27 87 64 86 35 68 15 39 06 30 96 09 16 69 06 87 85 75 81 04 46 37 30 54 15 52 77 62 65 11 68 91 62 08 98 63 58 69 00 15 03 28 65 36 74 53 31 28 78 60 11 29 19 00 86 39 12 64 57 92 03 97 60 07 97 61 46 73 54 36 36 91 36 04 39 28 93 95 61 16 47 58 75 39 74 18 90 
48 37 91 94 47 80 18 90 85 28 82 22 02 92 85 01 59 55 33 18 14 09 12 70 50 23 06 82 33 36 33 40 11 23 61 31 22 41 67 02 13 16 11 29 61 59 84 13 89 76 94 90 52 72 74 75 07 99 47 31 37 50 40 74 39 68 02 02 37 44 91 83 56 88 93 62 94 53 55 32 29 80 69 35 27 52 04 33 42 35 25 13 08 74 88 71 17 35 50 33 44 65 89 60 60 38 74 07 68 94 74 57 06 13 42 24 53 31 76 40 87 56 90 08 30 83 79 52 11 56 40 39 20 94 13 01 45 23 04 39 83 12 69 28 
22 88 02 18 73 07 22 35 56 55 91 87 13 66 67 77 64 23 11 27 71 39 68 14 12 68 35 24 63 55 20 26 61 82 39 68 57 95 21 97 36 87 85 11 97 30 60 48 98 00 07 93 31 22 15 47 40 62 23 19 62 88 64 73 84 40 49 16 03 25 11 43 95 76 27 34 50 95 20 06 12 10 73 25 63 79 63 91 86 61 29 73 62 89 87 31 28 71 28 95 38 42 79 35 79 10 79 98 69 99 60 33 84 48 59 01 58 65 79 75 83 86 13 24 74 53 29 02 10 48 76 29 16 07 66 73 11 41 05 36 78 94 47 53 70 
70 16 90 34 48 81 70 45 23 41 99 36 90 86 30 26 14 99 32 20 98 68 97 94 90 72 73 28 48 03 29 03 99 99 51 38 13 39 87 63 24 82 20 13 26 04 00 48 73 01 08 61 06 32 89 08 42 49 24 00 45 01 66 95 25 67 35 44 60 78 79 05 07 07 96 01 03 82 34 27 99 94 53 78 40 60 72 10 46 09 94 03 85 68 08 38 03 81 81 57 05 76 38 20 56 91 28 22 79 75 00 93 27 90 52 38 23 04 09 37 20 30 80 73 83 82 42 98 51 06 22 07 80 63 97 32 20 12 08 27 25 89 02 53 60 05 
83 36 95 73 02 03 46 90 67 75 69 78 93 23 56 10 78 53 31 22 29 44 12 51 17 94 31 82 88 93 69 59 12 96 10 26 97 01 70 72 34 02 90 42 29 36 70 63 64 83 22 91 51 39 15 91 28 30 01 69 44 75 86 73 98 69 39 77 78 01 05 62 49 76 07 11 56 42 09 40 81 12 30 60 16 76 73 21 05 71 54 14 98 42 11 75 89 35 69 93 70 53 32 49 70 44 99 80 23 19 56 16 24 85 50 71 20 92 97 31 01 80 26 36 18 14 10 91 24 01 00 93 39 82 93 23 46 85 58 93 18 28 59 74 76 72 91 
21 00 05 66 13 61 48 68 08 14 88 15 54 32 03 51 49 93 95 99 81 18 03 93 48 71 06 32 95 14 74 79 60 33 07 23 65 20 94 46 54 35 41 21 99 34 06 54 89 78 73 26 21 15 33 28 98 51 66 55 67 02 19 54 89 36 71 74 87 04 67 43 53 72 27 91 64 41 01 59 90 82 79 15 44 59 36 05 48 70 04 73 79 97 63 72 65 68 47 95 81 30 41 56 36 55 78 53 89 55 08 28 86 35 52 72 54 61 02 77 54 79 90 97 23 46 90 07 95 27 65 25 52 03 21 99 87 55 05 01 20 67 77 43 61 04 09 70 
59 25 48 17 29 68 73 02 96 87 13 44 42 53 29 70 12 24 39 02 45 86 96 93 04 61 83 99 53 00 46 48 69 42 21 12 36 72 82 32 96 47 73 89 21 25 26 00 70 78 54 09 00 99 18 55 90 10 32 06 55 73 37 08 99 97 95 64 94 62 23 93 26 45 37 60 01 66 17 52 44 46 56 80 96 88 16 78 33 78 55 93 10 15 33 21 64 64 71 92 71 53 78 59 90 90 03 91 01 35 44 28 51 97 59 91 29 88 13 16 90 20 14 00 17 56 65 21 87 07 82 29 92 98 10 69 98 84 96 33 96 36 26 96 13 90 09 34 51 
72 09 92 20 81 98 87 27 70 40 09 88 83 84 24 33 94 60 27 60 15 69 52 15 10 60 89 54 78 79 16 64 56 85 93 86 98 23 26 43 69 46 51 96 37 65 43 25 74 45 03 91 66 02 28 37 41 22 07 03 01 68 61 24 96 98 73 55 96 36 08 23 07 45 79 38 06 39 66 50 16 62 34 09 09 06 60 96 52 64 13 91 91 07 06 41 89 82 49 96 93 09 36 77 77 82 90 48 17 49 90 44 37 86 21 34 06 18 59 80 09 19 39 51 72 51 05 79 70 52 06 80 96 44 32 69 15 76 49 62 89 67 26 97 93 69 30 91 10 02 
55 27 16 95 80 22 56 86 29 51 20 00 94 85 05 70 32 14 96 26 82 18 29 92 03 51 84 42 94 06 65 54 90 32 19 82 99 42 47 25 63 28 54 94 28 88 08 46 87 83 36 09 85 57 38 50 63 00 46 14 12 11 05 94 26 40 04 44 21 56 40 10 08 31 34 84 89 71 86 57 66 99 92 80 18 26 06 97 66 95 61 72 47 37 56 73 36 50 99 27 39 11 20 09 80 36 57 95 25 18 07 17 50 36 61 73 06 73 11 17 85 35 48 81 29 22 32 68 12 16 70 51 13 56 63 21 12 70 66 31 46 19 34 69 38 25 81 98 41 47 27 
21 10 77 67 84 54 05 41 87 61 42 27 18 67 43 35 71 52 16 39 75 32 64 18 81 46 48 31 45 79 05 13 49 48 29 19 03 81 29 79 62 04 88 18 05 89 29 93 13 62 07 00 88 26 47 01 54 02 39 29 81 43 04 24 69 20 50 47 37 37 40 34 58 79 66 32 70 35 74 86 29 23 31 10 07 37 66 16 13 53 87 35 52 21 03 02 77 62 56 33 64 15 86 84 63 39 39 00 47 27 38 51 29 29 29 71 50 40 22 86 13 59 34 51 82 66 68 80 98 27 14 00 40 71 20 97 97 54 27 92 49 50 89 17 52 90 95 28 11 75 17 26 
37 97 75 16 72 99 65 82 82 84 43 11 99 30 97 33 07 07 00 20 67 57 93 04 63 32 76 64 64 48 59 40 95 60 56 13 04 04 63 25 12 16 19 72 53 80 76 43 67 00 84 35 70 66 23 21 57 97 71 04 59 32 58 24 27 55 79 64 34 31 37 12 94 23 67 26 91 75 16 66 81 48 54 31 05 60 53 71 56 43 35 13 27 62 26 63 99 07 99 31 99 98 62 40 67 19 67 60 82 36 84 34 79 83 43 40 97 88 62 44 12 41 74 97 73 44 79 34 07 55 21 19 13 85 18 97 95 36 52 99 73 49 48 69 22 51 34 36 50 65 30 22 03 
81 46 02 83 44 38 05 75 53 08 72 69 40 88 59 70 19 09 11 88 64 76 84 96 15 62 34 46 71 41 78 36 67 65 16 22 98 24 33 53 72 71 73 38 77 56 93 14 31 76 03 30 00 45 81 17 54 20 89 44 52 83 75 47 19 97 67 31 04 63 66 22 98 77 49 68 74 13 60 75 50 45 23 80 38 30 54 29 62 49 97 82 19 45 68 97 71 59 22 30 29 84 44 89 34 46 67 86 75 49 08 32 67 63 60 96 26 13 88 04 48 46 94 75 50 23 00 80 75 26 91 16 04 18 97 90 96 52 31 98 91 60 77 89 93 27 42 15 80 76 58 41 37 60 
57 19 88 11 07 14 97 20 24 66 25 00 44 89 17 19 90 85 96 44 98 80 52 90 41 53 77 05 29 68 71 93 03 85 41 10 15 46 21 21 10 34 54 68 97 77 46 26 32 11 33 02 91 66 83 56 66 03 64 91 58 42 06 02 91 23 83 22 40 53 42 60 81 53 20 64 57 76 48 07 85 13 09 39 68 38 42 83 69 37 51 26 91 47 13 94 20 62 53 55 89 38 76 22 07 32 16 31 17 34 02 46 18 09 94 63 33 14 02 83 42 03 15 06 67 96 81 33 29 09 58 15 60 34 51 44 03 61 01 17 59 27 03 81 41 96 29 83 76 38 47 18 16 30 97 
29 13 28 13 32 98 48 67 17 42 00 12 16 19 06 01 72 57 60 64 05 05 47 16 14 84 87 82 08 66 23 05 99 48 13 28 60 48 42 18 75 12 24 20 84 49 12 05 51 75 65 10 61 00 13 25 73 29 60 25 21 04 67 13 20 81 48 60 38 40 31 12 08 41 24 50 43 28 02 70 09 68 04 85 48 59 25 91 79 76 90 09 82 86 22 59 00 13 56 61 40 77 36 18 37 89 43 93 44 29 77 17 08 80 65 46 16 53 90 14 56 81 35 83 68 05 30 48 51 33 93 94 94 00 53 69 88 07 54 58 90 69 17 34 09 48 66 67 70 95 96 61 30 90 81 13 
07 99 09 50 87 25 38 43 81 94 58 64 87 36 57 67 38 04 78 73 79 99 51 36 67 40 07 63 31 41 43 79 84 42 55 00 27 58 00 04 34 81 03 67 66 08 82 59 97 28 97 54 87 50 94 60 16 80 64 18 91 59 64 78 34 51 43 01 90 96 18 90 39 27 21 09 60 46 85 87 29 81 86 60 06 08 97 59 82 52 89 90 46 63 15 22 47 85 25 19 02 93 57 28 38 37 21 86 04 63 52 22 51 39 37 42 10 72 89 68 80 30 80 06 34 62 95 38 64 41 32 86 88 91 11 65 23 56 92 59 41 63 96 49 30 21 21 14 80 31 29 39 82 30 14 62 98 
56 31 70 81 58 74 02 80 25 01 57 40 70 98 56 12 40 58 68 91 86 85 58 96 65 00 41 08 09 47 17 82 33 79 75 46 15 36 30 10 20 77 82 88 07 84 69 65 81 07 97 06 34 56 21 43 44 19 55 36 64 11 96 35 74 23 29 62 32 85 99 16 92 17 30 21 34 73 57 50 60 41 68 05 04 37 14 10 30 27 82 93 34 18 92 08 52 73 22 84 69 63 05 36 47 28 07 43 60 64 43 19 44 86 28 69 78 11 16 88 73 93 34 63 97 57 61 56 26 70 60 18 29 92 08 13 82 44 35 14 33 36 18 28 90 96 42 33 78 39 71 70 15 18 41 81 71 95 
25 35 50 82 63 26 52 71 35 93 85 27 53 44 43 46 37 36 46 53 87 83 64 58 87 54 91 26 51 35 18 78 72 07 66 04 69 23 22 79 78 25 33 68 12 00 19 27 20 07 51 66 60 62 41 87 39 41 23 73 22 66 36 31 57 36 09 62 30 75 60 71 94 61 96 85 84 00 33 94 55 04 32 74 70 62 51 19 69 34 25 41 33 70 67 54 98 88 02 06 14 04 32 80 07 57 32 26 51 13 97 37 93 97 10 43 44 31 79 27 81 41 02 41 76 94 94 28 81 33 61 17 05 82 41 19 06 70 93 65 15 66 61 25 52 56 94 68 22 69 49 64 48 70 50 13 58 38 38 
11 56 45 90 05 04 36 32 79 44 63 18 05 90 35 18 06 16 58 86 71 63 28 26 57 07 35 53 23 04 58 61 38 40 99 87 05 24 47 91 26 43 99 38 77 10 51 02 04 34 79 77 04 38 17 17 14 61 53 90 66 52 59 68 26 14 76 37 83 96 46 44 09 88 46 76 41 19 97 87 23 20 01 49 44 38 93 68 21 79 41 27 67 58 03 03 66 25 58 18 31 67 21 57 50 30 76 45 85 83 11 87 44 54 08 75 99 65 70 65 42 94 24 21 76 92 03 51 28 88 30 98 70 99 10 39 54 87 61 47 23 78 82 58 28 83 87 18 03 39 13 37 17 06 26 22 72 40 25 36 
61 80 82 36 50 69 06 37 00 41 80 76 99 98 53 94 12 18 28 32 21 97 41 52 68 82 76 69 65 04 89 26 93 46 04 81 47 70 53 40 48 40 13 16 86 54 22 32 12 37 24 62 43 88 26 19 91 52 05 91 89 02 68 26 29 97 93 72 68 12 52 78 34 98 42 43 82 71 36 50 22 81 74 42 89 80 94 88 63 12 49 08 09 66 87 84 51 06 47 41 45 18 52 19 75 95 54 22 17 88 99 64 15 60 75 98 07 54 22 49 39 26 46 32 17 45 26 88 20 17 66 08 41 29 60 76 62 76 39 10 46 64 66 34 40 48 32 48 71 09 43 33 50 21 36 64 32 04 17 67 77 
35 55 86 44 01 33 98 68 52 90 53 54 69 46 57 26 84 49 97 87 59 39 11 07 90 65 96 04 22 45 89 38 34 22 76 74 04 81 79 42 98 02 88 53 92 00 74 80 73 37 45 86 31 50 95 99 93 78 11 09 95 49 64 99 50 77 71 75 26 70 49 12 58 74 45 83 36 44 65 86 87 07 78 27 72 65 39 92 55 28 83 51 33 19 44 35 89 34 56 23 69 17 83 83 39 08 42 14 20 46 49 07 61 74 76 00 41 30 35 31 66 67 76 63 65 01 18 96 19 10 04 18 51 92 94 40 13 10 88 42 79 27 89 85 99 58 09 20 14 39 18 39 82 53 44 07 32 93 18 13 75 26 
80 93 07 18 37 44 20 88 83 92 62 61 87 37 68 80 36 33 83 45 63 18 26 44 33 70 92 45 18 94 59 04 40 05 85 73 06 35 65 53 18 17 36 76 85 62 01 64 09 10 56 50 84 46 83 05 78 71 19 61 29 25 35 70 29 41 51 85 36 33 17 19 74 98 82 52 66 35 98 38 68 52 54 10 37 81 08 01 07 54 02 99 05 71 37 54 86 16 86 39 05 33 12 06 24 45 97 23 55 08 23 34 47 88 18 35 19 58 18 02 36 92 46 69 41 74 61 89 36 72 85 69 29 10 52 33 29 95 94 76 15 15 06 85 67 76 00 87 68 91 98 80 73 88 72 34 71 55 71 10 98 81 61 
66 65 16 04 24 42 13 02 51 52 63 44 29 42 00 70 83 60 72 98 10 18 71 15 11 70 13 96 56 81 41 41 72 12 82 00 06 08 93 63 41 12 42 97 06 76 73 15 91 14 70 34 71 58 99 28 69 55 23 29 68 83 81 69 81 07 18 39 11 61 58 38 92 81 18 93 60 64 37 34 33 90 34 85 45 74 56 78 31 83 42 30 93 96 55 03 43 31 10 84 70 26 56 03 03 85 33 26 37 90 61 45 84 86 89 00 17 35 59 48 74 50 03 26 78 98 47 18 60 04 23 65 20 19 67 47 27 93 10 52 86 30 43 80 73 44 40 90 75 04 47 37 26 94 17 08 74 62 69 03 85 85 01 78 
02 45 95 77 70 13 51 97 61 51 08 86 81 43 69 34 10 31 93 58 68 95 72 32 36 49 60 65 27 77 66 82 57 02 76 16 91 93 32 50 18 10 11 27 42 06 37 74 16 59 94 43 38 71 38 21 22 11 89 24 48 21 15 05 32 77 72 01 00 23 12 66 16 55 32 83 44 95 82 21 90 20 76 35 22 82 58 63 91 91 50 18 61 99 28 37 75 49 74 85 64 33 23 66 17 23 84 47 27 12 21 48 34 38 95 98 63 28 58 12 09 24 69 00 33 35 60 38 38 86 99 38 99 95 80 37 86 45 03 31 87 01 48 97 50 28 33 06 55 51 39 87 41 33 98 37 85 91 46 30 78 48 95 44 78 
18 73 31 93 39 55 61 69 45 38 73 46 93 00 53 46 32 80 74 57 33 17 13 91 74 96 03 51 84 38 04 25 56 72 66 07 15 36 77 74 71 40 49 31 29 37 47 37 93 41 21 32 29 35 28 76 27 01 09 20 36 29 32 17 01 22 25 05 74 68 38 54 41 84 61 18 23 09 12 81 98 57 47 41 18 88 96 22 35 30 71 49 34 00 61 85 85 51 57 64 09 02 16 17 64 78 12 24 50 13 86 87 50 42 33 64 87 40 49 61 26 28 73 06 00 11 38 12 84 61 77 65 00 16 99 22 84 06 72 68 77 71 24 13 92 90 26 83 13 86 33 79 67 22 67 61 48 48 25 35 10 33 65 92 21 17 
93 82 89 33 74 72 64 36 98 75 11 71 39 84 63 46 09 15 63 12 70 89 79 28 00 45 21 28 67 33 34 42 15 61 08 01 17 62 58 85 93 38 31 33 52 56 97 69 56 62 65 80 65 67 89 94 59 85 10 83 95 77 95 51 03 80 08 28 69 66 98 29 11 21 18 04 08 90 64 32 66 65 59 85 00 74 61 18 10 49 15 14 26 19 46 38 07 10 98 13 59 16 14 02 70 99 79 88 18 82 03 41 49 22 76 63 88 94 70 99 78 89 13 16 02 54 24 21 93 76 28 33 84 47 26 68 02 95 61 69 56 29 45 30 28 85 86 31 10 14 82 66 05 07 20 60 32 83 55 49 44 57 89 40 07 97 46 
19 56 91 52 08 66 34 11 59 44 59 99 81 10 24 53 76 46 57 96 97 91 08 54 96 57 83 10 69 55 08 74 76 97 17 81 44 52 00 14 19 52 03 66 84 99 15 31 11 75 49 40 55 17 36 29 67 47 40 65 29 23 22 04 87 04 59 17 95 88 36 54 27 24 26 79 91 53 83 52 85 78 44 89 41 16 75 77 94 42 64 64 08 69 89 18 28 73 55 70 56 12 51 26 30 47 93 71 28 16 29 45 39 59 58 26 40 59 38 87 36 87 48 60 74 18 57 88 05 15 98 90 01 27 59 13 02 23 22 14 03 93 53 28 40 37 59 70 14 83 40 38 82 42 34 48 71 61 82 81 49 57 31 68 82 03 78 89 
45 70 83 23 98 59 61 12 87 47 68 83 04 89 00 99 48 84 19 60 23 54 19 49 22 40 52 35 29 75 28 19 90 23 99 51 75 53 62 95 02 38 58 67 29 46 39 31 79 04 54 72 30 18 29 39 13 25 13 65 51 44 31 59 94 31 48 94 75 78 66 70 41 78 59 65 87 87 82 83 47 09 42 99 72 41 75 87 39 83 17 69 33 75 14 54 45 58 58 88 16 06 88 16 84 46 49 59 52 10 57 99 53 22 40 96 05 76 22 18 44 04 21 03 39 01 07 41 58 86 14 07 95 71 46 06 39 40 64 73 79 82 94 09 26 82 56 61 66 40 40 51 03 94 36 58 13 19 41 48 74 10 50 70 86 75 61 02 46 
74 89 73 99 31 28 36 23 43 53 30 69 20 02 93 17 72 26 72 75 93 53 93 66 43 57 34 41 86 57 58 68 74 65 63 21 54 97 95 29 74 48 81 03 64 83 43 16 74 06 18 23 50 82 85 32 13 76 96 92 35 61 17 01 86 85 88 34 13 39 88 56 62 09 33 41 87 61 89 56 54 46 13 35 85 69 21 00 62 03 95 47 22 02 14 65 69 95 36 03 34 00 10 47 06 58 44 29 72 18 11 25 77 69 14 66 59 59 94 26 49 86 12 94 10 15 74 11 97 95 33 72 10 26 46 71 23 70 15 94 64 40 81 36 28 52 18 48 97 00 82 91 49 28 65 97 28 36 12 16 63 36 46 64 00 65 73 26 47 74 
84 40 76 13 58 31 04 22 62 94 89 45 57 09 52 82 15 00 72 04 34 87 72 25 85 79 29 72 56 36 24 50 34 49 85 30 94 80 20 63 26 91 94 47 82 19 63 58 64 24 02 63 38 58 46 20 97 95 84 02 53 56 18 33 86 82 37 85 32 83 06 09 28 09 33 63 07 89 04 15 53 69 45 57 12 92 24 33 73 69 23 14 11 69 09 12 02 77 38 75 03 65 07 48 29 91 95 55 76 15 11 69 65 12 93 36 32 79 58 29 42 35 65 70 69 83 90 26 84 52 66 00 33 80 85 24 28 63 33 86 24 21 38 85 22 10 04 52 68 38 17 26 76 07 97 36 56 38 73 70 76 00 59 64 35 12 16 29 67 27 67 
23 73 60 53 86 89 96 00 60 80 15 87 95 85 75 72 81 90 99 84 90 63 95 24 74 13 72 93 12 27 61 81 37 39 11 38 45 70 82 71 18 17 86 67 61 21 09 07 75 83 61 63 87 68 88 33 40 63 99 24 74 32 24 27 00 28 83 95 87 10 58 71 89 20 53 73 01 78 55 86 95 35 46 69 13 57 08 23 75 71 58 32 69 42 53 20 88 35 14 37 93 93 93 20 36 21 48 37 46 87 39 58 16 38 06 74 76 36 63 97 95 13 47 57 03 63 62 42 82 48 67 95 97 48 33 05 27 41 31 05 79 24 64 37 21 73 20 67 35 51 38 24 19 57 88 53 38 39 43 42 63 43 35 17 83 40 02 76 33 92 87 41 
37 03 13 04 94 14 93 51 02 90 97 37 69 61 33 92 86 53 67 31 18 88 41 63 91 76 04 50 28 79 34 23 11 78 44 04 21 23 61 47 43 80 81 37 72 72 61 59 15 32 83 89 34 43 32 12 14 06 19 11 89 94 14 44 43 46 95 49 94 55 88 90 78 90 10 89 55 31 80 56 43 42 18 60 05 57 86 55 96 16 06 06 96 22 00 15 29 43 83 17 05 54 64 31 77 28 82 24 51 66 27 00 43 88 76 54 25 69 08 04 37 38 01 49 33 38 91 60 19 45 01 50 51 55 10 36 66 45 74 39 94 99 64 25 43 20 41 47 92 09 33 81 88 41 21 20 86 08 16 21 16 71 22 57 33 84 73 89 24 30 39 96 23 
39 84 79 19 23 74 79 07 00 21 26 54 35 59 64 44 88 30 53 74 79 95 11 52 58 27 86 81 14 10 24 78 89 07 27 06 28 14 59 75 52 62 97 93 72 85 92 01 25 18 30 03 67 51 52 15 83 79 41 23 70 97 15 04 41 82 48 87 03 80 57 04 68 75 63 16 43 49 80 52 57 93 38 65 74 94 86 31 57 58 83 87 08 90 29 48 78 85 38 01 58 65 13 04 42 05 11 86 81 80 70 95 11 95 81 74 82 09 84 12 69 26 58 63 83 53 90 61 73 21 08 41 43 46 30 89 56 26 45 23 59 82 69 34 06 92 79 99 11 61 81 74 98 70 25 95 86 34 90 96 90 23 85 50 50 72 77 76 85 41 83 95 90 40 
52 74 52 81 64 60 22 88 81 35 12 07 60 82 53 54 84 10 84 50 11 26 09 74 90 85 94 80 58 26 29 16 57 22 49 88 89 32 17 11 51 16 73 82 55 71 58 14 94 63 00 93 44 20 94 61 69 38 38 02 19 94 72 49 88 90 88 66 18 43 39 27 24 43 31 66 18 68 15 94 08 19 75 69 59 36 17 18 80 64 63 93 33 27 52 59 16 92 49 95 34 74 71 11 00 42 27 61 71 28 82 52 77 42 34 22 43 32 32 11 56 90 07 68 79 09 48 42 76 48 05 84 32 57 36 16 43 46 94 96 53 60 54 22 22 03 96 27 03 18 33 80 92 49 96 70 53 76 75 71 69 76 17 72 27 79 00 74 83 89 54 27 17 28 69 
18 25 73 67 84 59 56 55 48 54 77 49 70 69 18 91 01 64 01 41 24 46 82 68 95 17 06 20 39 34 47 04 32 38 29 47 23 46 65 73 13 69 13 74 67 52 75 94 61 92 51 18 34 33 57 84 66 06 40 97 46 89 86 78 34 74 49 24 02 17 12 03 51 32 99 70 89 48 45 22 61 51 55 84 22 48 51 36 54 76 33 79 89 83 66 50 72 17 14 78 06 38 21 02 18 03 79 27 90 13 74 56 87 06 47 63 40 66 63 50 02 22 32 51 38 32 64 19 72 11 11 80 51 94 69 67 47 07 03 26 54 23 66 14 05 87 63 71 66 78 46 94 33 01 86 88 90 70 07 26 37 69 25 90 77 83 83 37 49 35 20 38 93 68 75 58 
57 87 43 15 04 91 06 77 47 38 49 59 70 43 77 51 51 71 50 61 56 18 46 89 13 46 87 25 47 54 08 89 67 68 29 91 91 26 00 47 23 21 77 18 34 15 08 16 74 58 78 33 84 31 94 42 08 60 59 39 84 01 28 48 32 57 68 87 88 21 42 93 16 07 28 15 61 65 88 84 45 40 08 41 90 66 14 58 78 66 99 22 99 47 47 19 31 45 08 81 85 30 95 46 63 16 65 88 64 89 58 57 80 92 40 07 28 84 49 35 47 18 69 09 17 45 34 23 19 90 01 42 02 21 79 77 75 35 54 64 79 96 11 78 73 55 77 46 80 63 92 15 18 36 36 24 90 62 08 25 30 16 03 29 85 79 63 96 43 16 62 65 74 12 94 31 99 
34 27 62 57 95 93 80 70 03 71 82 98 82 44 30 77 10 72 92 09 05 73 56 37 76 61 00 42 80 08 41 08 01 98 51 98 87 51 52 61 72 47 88 51 05 68 81 49 29 68 72 78 14 86 49 03 00 26 69 06 56 05 74 30 94 05 98 70 64 20 94 28 57 40 38 84 46 60 65 15 91 58 00 22 37 33 09 68 36 36 65 18 13 93 34 71 16 64 81 69 64 09 09 85 41 30 19 62 35 52 08 22 83 09 98 01 22 97 10 34 99 70 70 55 40 31 70 17 35 93 66 18 44 76 42 24 72 98 08 79 19 32 76 93 56 90 78 01 32 15 65 83 70 13 55 25 40 30 67 32 84 15 12 68 72 37 78 17 62 31 74 54 60 37 77 31 26 78 
44 40 44 78 31 75 93 52 85 62 35 58 53 58 66 55 66 00 36 56 41 12 91 18 75 39 35 61 60 18 78 47 90 59 54 27 02 48 81 78 13 31 58 33 98 14 43 43 68 20 37 53 98 35 02 50 60 08 38 48 12 11 58 79 00 32 69 60 15 17 11 84 84 22 61 27 09 98 49 09 48 64 92 03 55 92 05 23 70 69 77 98 64 49 81 58 48 58 16 26 47 77 26 66 33 55 11 64 37 87 78 89 25 97 35 29 61 66 77 34 34 55 77 62 85 46 27 68 01 65 36 27 17 99 34 25 86 78 89 24 72 35 95 21 11 11 14 12 02 18 58 85 73 27 77 44 85 96 40 01 15 10 85 19 80 35 09 64 59 65 95 38 44 73 26 46 08 26 94 
84 07 88 55 81 01 75 34 04 16 70 31 48 36 76 34 10 38 12 90 87 60 22 40 89 26 13 65 09 07 90 54 29 46 93 41 28 18 17 19 51 70 17 77 06 03 76 72 63 29 37 84 05 85 79 55 17 29 43 72 55 92 80 90 87 28 28 54 38 18 98 19 50 79 65 20 73 43 51 03 92 34 95 61 29 24 97 84 11 06 30 71 37 36 00 13 48 03 68 98 24 84 94 36 19 16 21 67 52 75 68 44 65 72 49 58 75 55 65 87 15 51 19 53 08 03 84 50 58 64 65 42 04 91 06 89 27 95 67 91 47 09 26 31 04 06 39 76 62 48 98 41 27 97 32 73 24 47 91 44 13 40 47 20 96 04 65 11 99 71 66 32 68 45 49 14 83 37 85 84 
10 63 41 37 96 19 71 54 46 15 12 51 66 06 25 34 26 77 29 51 10 37 58 94 25 72 90 59 30 08 83 14 46 51 67 83 26 32 14 83 36 42 62 47 20 72 82 50 18 58 85 76 91 31 62 47 33 73 31 46 25 03 10 67 96 53 75 00 73 93 21 13 60 54 88 20 33 94 85 00 02 83 48 65 25 27 73 27 10 20 79 74 01 44 19 07 91 01 97 28 47 98 24 62 89 69 63 75 14 65 76 81 11 79 60 15 48 43 67 35 77 74 74 55 46 98 40 63 66 19 87 22 10 83 40 15 93 95 88 32 26 21 74 55 81 65 93 37 49 36 95 38 57 90 80 17 00 67 84 32 59 18 31 49 78 28 58 21 49 30 92 29 88 35 80 53 49 48 46 60 70 
05 90 69 77 10 92 05 55 00 39 76 08 04 43 97 20 49 49 95 36 63 35 16 67 25 70 69 59 29 46 27 07 87 59 27 69 70 30 77 58 81 71 22 58 70 63 66 58 06 62 20 35 74 00 61 88 48 98 61 55 96 48 95 08 63 89 74 65 94 45 10 08 37 23 62 55 03 61 72 66 99 21 42 30 34 03 48 25 99 99 57 85 31 36 41 75 52 47 42 01 98 15 93 58 37 19 54 50 77 36 48 74 68 31 72 11 02 86 74 08 19 82 47 01 05 21 53 63 15 75 24 18 88 47 34 13 89 57 24 95 59 11 42 63 94 76 90 68 32 18 54 19 84 39 87 57 79 44 38 79 53 94 81 57 61 73 55 33 41 17 60 45 07 42 17 66 98 14 37 95 64 99 
18 93 14 35 02 10 06 73 17 86 07 04 40 65 04 58 93 28 83 55 18 60 67 10 53 73 43 85 25 90 32 54 11 19 69 18 78 22 28 02 27 96 61 84 94 91 97 91 01 64 45 06 19 03 79 26 43 22 30 05 27 53 60 38 95 38 49 09 69 56 80 57 19 78 38 87 98 87 07 91 49 58 97 83 50 39 71 27 99 10 05 69 84 89 61 35 47 45 95 13 95 79 85 89 64 51 00 49 78 07 94 05 21 83 52 76 62 35 63 80 47 81 50 51 02 03 40 54 58 88 90 07 41 60 59 80 44 89 53 82 21 11 08 08 17 63 61 55 73 64 64 79 27 37 90 01 53 05 93 35 37 67 55 51 57 74 07 37 58 20 41 75 83 59 90 03 53 74 16 67 67 01 76 
47 98 30 91 48 74 09 05 45 08 36 53 81 60 97 25 98 23 22 50 98 83 17 70 21 62 48 51 38 92 23 90 35 33 68 59 01 68 31 53 79 09 04 87 11 31 07 00 26 68 29 06 95 07 52 71 21 89 68 40 69 64 11 89 21 19 09 39 43 04 90 04 61 96 29 03 34 18 88 09 16 39 26 76 93 07 34 06 91 97 71 97 45 63 49 44 13 60 67 19 40 16 09 17 41 39 26 84 20 34 25 20 87 00 54 67 93 99 39 77 46 65 47 78 23 35 25 20 45 78 06 27 32 03 12 39 01 25 61 57 18 57 07 92 89 27 03 28 76 66 42 78 30 87 39 77 41 91 30 69 81 06 46 32 40 31 29 09 46 55 53 86 55 33 25 74 00 13 21 47 02 57 24 94 
15 73 43 32 17 08 55 37 11 97 59 41 62 32 91 58 14 46 76 79 36 71 76 06 25 68 04 53 07 85 69 00 01 47 09 19 43 29 99 59 57 16 70 05 73 01 33 06 69 32 55 84 45 47 56 19 96 16 06 17 06 30 62 61 15 51 40 57 92 63 60 61 64 46 58 15 27 02 94 63 01 61 69 87 41 02 68 32 77 96 30 48 93 37 94 33 15 40 90 02 15 84 42 59 09 84 52 00 58 62 14 31 33 98 51 18 65 42 16 60 56 65 35 99 39 17 56 64 84 88 68 55 39 31 51 60 96 45 39 33 76 74 37 03 11 22 85 46 35 41 06 02 52 94 32 61 94 46 46 91 34 81 37 54 71 10 95 61 56 58 55 25 69 99 12 61 12 29 11 80 45 36 51 54 11 
70 85 66 86 66 62 42 07 24 11 79 96 91 88 52 50 66 92 30 04 60 88 79 42 30 19 71 70 31 64 97 06 95 10 88 19 85 05 36 70 34 58 52 77 11 44 11 66 31 93 41 25 49 19 20 33 52 55 10 61 96 61 07 40 88 80 39 78 76 82 83 22 47 00 34 55 73 81 07 20 28 56 91 57 21 62 40 45 38 15 29 49 65 63 49 44 81 16 76 26 78 00 82 86 13 11 26 49 44 22 02 57 50 29 56 99 98 77 84 67 45 52 99 41 40 93 77 75 26 97 92 01 96 71 24 15 98 18 72 55 57 91 44 48 03 18 51 31 68 27 88 18 47 69 35 25 85 77 39 21 87 51 22 24 99 10 90 92 83 02 54 50 12 16 77 96 10 77 31 11 82 77 78 42 33 22 
89 63 34 45 70 97 44 62 45 89 24 34 52 25 65 97 97 87 73 28 32 29 10 17 93 74 61 98 72 12 08 24 55 00 84 28 98 44 94 66 75 71 71 64 73 51 58 89 64 97 70 62 32 03 57 01 74 33 88 61 77 29 93 36 68 54 97 64 41 35 49 51 70 24 09 23 06 36 88 19 62 90 00 53 89 04 20 43 52 81 12 43 92 25 24 75 05 26 03 90 08 69 36 61 29 78 68 40 94 75 01 80 35 53 24 43 09 45 86 12 46 87 50 21 06 55 53 12 80 92 96 49 98 72 99 90 91 41 49 44 73 88 56 17 70 54 70 75 85 68 54 32 14 98 83 78 99 07 46 68 50 07 35 85 00 00 96 87 34 02 14 69 66 25 28 30 94 35 29 97 03 41 42 76 55 42 57 
98 41 94 88 20 14 04 47 47 96 36 02 55 78 24 93 50 90 65 08 72 75 20 60 56 38 63 82 74 12 23 84 70 93 57 77 97 08 94 23 86 56 93 06 47 85 52 81 29 52 14 02 48 20 07 88 07 58 59 22 06 63 22 42 84 07 69 26 81 11 68 19 57 43 10 16 71 55 06 40 46 47 06 33 17 80 77 02 05 18 82 25 07 31 00 76 35 24 26 67 07 42 91 59 16 08 55 51 89 30 87 95 49 63 04 39 90 42 85 58 10 67 16 70 65 77 96 94 21 78 55 44 63 62 11 29 25 94 24 49 16 93 71 38 85 79 97 71 34 38 65 76 83 43 70 53 20 05 27 71 41 92 11 18 92 70 50 85 48 36 41 62 17 66 15 28 08 64 06 01 65 37 32 42 91 75 81 83 
66 58 87 47 99 80 77 67 87 08 10 44 51 57 58 59 14 13 53 86 72 76 76 11 55 52 76 10 01 83 18 87 51 20 49 30 02 47 64 83 97 57 73 93 04 72 56 24 80 40 97 03 36 66 82 03 29 35 65 97 85 76 73 05 74 16 65 89 61 89 10 74 22 40 95 82 81 87 43 55 42 89 36 33 61 74 28 93 63 77 47 85 17 56 70 96 89 10 64 63 87 91 82 63 17 19 13 27 58 98 56 68 79 48 39 96 12 32 44 11 89 13 48 26 77 13 59 33 01 09 52 55 98 29 76 91 88 98 41 10 15 92 59 93 25 43 53 77 56 62 91 04 90 15 71 32 44 31 19 03 71 59 17 32 12 72 16 10 97 21 72 78 33 45 47 78 66 39 02 29 64 75 55 37 03 99 97 84 03 
81 58 11 11 48 20 31 51 76 52 94 55 73 77 45 98 27 38 83 41 45 89 67 11 76 52 86 17 20 86 29 41 27 09 77 87 02 04 49 43 90 64 26 31 80 03 89 00 95 84 87 42 09 94 76 72 58 26 46 77 72 76 78 49 23 37 35 18 91 89 53 14 54 61 10 43 07 79 55 30 99 61 82 14 20 77 02 30 05 48 26 78 94 83 07 19 13 32 38 75 24 72 74 96 98 78 62 64 61 09 53 83 78 73 78 56 06 74 60 66 93 18 52 70 61 00 60 49 33 15 52 84 50 30 08 26 40 78 16 20 89 76 57 58 64 56 98 21 37 00 30 67 87 65 65 54 92 01 45 38 09 32 58 24 59 17 18 40 93 54 20 91 80 42 10 56 77 71 84 12 25 50 56 23 43 45 20 88 44 35 
37 88 56 60 55 25 82 66 31 80 58 27 39 08 62 46 19 80 29 07 89 87 20 94 49 26 09 41 91 78 16 31 74 08 82 02 56 71 91 86 42 89 27 44 52 56 03 05 55 40 22 82 87 58 15 81 86 73 21 67 64 88 48 96 63 04 85 90 91 02 98 67 10 17 83 82 55 75 14 15 57 45 50 42 64 89 41 40 09 62 08 63 44 32 20 13 73 89 53 85 04 06 56 74 59 12 00 46 59 55 46 49 29 08 96 61 22 97 72 77 25 95 89 97 49 78 52 47 43 79 64 74 55 29 57 54 79 28 41 69 92 41 89 61 40 48 34 43 80 53 22 74 08 78 73 67 13 48 07 37 73 93 89 73 21 67 37 29 28 23 62 11 94 32 74 79 25 85 30 16 70 80 44 95 96 19 60 97 87 16 86 
04 31 51 88 29 93 71 69 00 26 57 07 61 25 77 75 11 85 40 38 40 44 54 34 79 95 29 41 40 37 08 31 43 52 79 10 12 79 42 70 46 61 91 13 37 58 81 04 45 85 41 04 01 66 06 28 45 73 23 97 78 44 07 26 31 34 04 99 23 01 39 94 24 85 93 06 83 83 01 15 44 58 17 67 14 16 19 01 89 68 19 00 20 06 45 94 21 42 58 85 93 97 71 38 71 19 31 04 73 03 48 01 52 02 00 52 22 91 28 70 86 79 37 13 03 34 10 01 44 05 74 92 76 23 99 40 99 44 79 13 09 41 84 98 87 78 27 78 96 04 23 93 88 75 01 88 93 58 41 51 11 21 90 33 59 47 40 78 01 13 10 34 20 31 27 82 50 17 36 53 35 80 47 68 26 88 39 70 83 22 31 90 
08 50 46 12 55 55 63 68 46 39 06 54 64 26 46 67 17 12 69 77 67 64 93 33 08 17 80 92 96 84 27 04 03 20 85 23 04 48 89 72 82 04 46 53 26 93 63 10 44 24 70 40 46 14 12 68 23 24 59 80 80 20 29 21 38 23 55 51 77 43 95 88 36 55 15 03 22 15 55 10 62 77 89 21 56 06 05 93 35 41 11 50 15 22 87 07 36 19 05 73 72 72 07 56 11 04 03 63 92 91 50 04 85 64 76 93 09 28 26 69 88 60 76 07 07 95 09 72 98 30 87 54 12 83 08 58 90 29 00 86 07 35 32 70 00 41 87 17 45 86 83 96 02 45 96 50 89 61 53 63 02 47 58 52 54 39 31 14 34 73 99 13 66 77 34 28 75 31 77 46 32 03 39 16 78 21 18 64 25 59 30 71 05 
25 77 15 78 19 65 88 80 47 00 78 94 63 46 38 57 21 09 21 64 15 06 12 93 79 91 28 04 41 06 26 40 84 06 80 95 19 51 81 46 24 01 03 47 53 09 99 69 65 45 78 68 73 52 07 03 78 66 12 45 78 98 97 22 12 10 78 42 48 81 38 27 44 08 04 08 25 18 53 12 84 53 39 95 48 97 65 42 41 99 74 96 52 79 98 41 61 58 26 87 32 04 41 95 16 25 84 86 71 20 81 67 61 03 21 25 22 16 90 21 57 48 65 31 64 72 79 65 48 22 36 23 14 19 17 02 08 65 39 22 98 17 07 92 48 68 28 67 95 34 26 31 80 74 25 53 31 54 33 43 57 76 08 74 50 80 30 76 60 38 55 82 31 61 92 22 60 25 57 58 81 32 60 41 30 43 86 93 84 57 94 99 37 99 
34 89 14 92 85 26 75 63 09 61 09 62 40 74 79 52 94 61 12 43 18 96 94 21 68 11 70 64 35 38 02 70 96 49 93 16 30 37 19 57 68 84 87 78 96 38 54 32 17 72 35 52 66 22 22 80 86 95 51 11 71 40 33 74 66 59 92 64 52 72 29 43 89 00 35 23 44 86 97 51 93 09 10 99 12 20 32 94 42 58 06 90 56 65 76 99 07 54 31 01 78 72 04 47 21 91 39 64 10 67 86 98 82 23 15 75 04 72 07 39 29 47 29 42 87 51 42 35 75 99 45 47 77 59 08 97 04 63 01 21 60 06 67 65 33 90 44 28 31 36 93 96 33 31 29 65 01 14 09 75 12 84 85 74 58 29 74 26 66 53 40 66 99 10 49 46 85 16 05 54 22 50 06 49 28 11 32 07 73 48 18 16 55 29 18 
07 70 60 98 67 29 25 86 24 77 62 08 40 69 35 24 06 46 29 25 83 80 16 79 71 21 26 80 57 30 81 25 23 03 04 42 60 03 70 91 76 80 22 84 48 06 09 39 89 15 66 96 88 45 00 25 12 05 97 67 02 51 17 06 55 90 95 35 44 89 09 16 53 37 30 86 75 08 26 07 60 80 32 27 57 70 49 44 40 22 90 20 56 28 39 73 87 00 43 69 65 81 90 44 41 18 03 85 28 78 05 98 30 33 78 98 85 92 76 22 16 12 11 43 29 57 80 55 56 46 36 05 70 60 90 68 78 31 38 19 18 07 92 01 65 05 30 48 73 40 20 64 55 55 46 08 33 26 00 97 53 82 42 66 09 01 14 00 55 28 07 93 58 80 61 17 80 71 94 86 21 33 50 87 25 72 57 51 83 15 88 60 23 00 05 43 
37 67 93 68 17 00 64 75 66 72 14 65 47 43 55 86 35 80 63 28 48 25 85 75 97 94 58 20 62 34 48 93 08 13 90 13 62 77 37 00 61 46 82 78 89 76 74 85 24 81 84 35 97 15 50 47 98 21 57 67 20 59 72 37 85 84 92 93 41 34 35 70 67 58 24 06 82 65 92 89 98 26 66 76 00 84 47 00 09 49 56 10 00 90 57 63 29 17 18 82 58 81 44 50 10 55 25 13 57 46 26 68 72 97 90 30 38 17 53 34 60 19 57 72 59 83 59 22 07 38 12 70 69 74 29 73 19 74 01 82 97 95 74 57 65 66 66 96 45 36 21 13 80 62 88 90 07 35 15 35 88 64 47 61 86 05 32 35 27 41 94 07 37 28 10 59 96 95 30 86 07 07 83 68 04 01 05 19 05 83 37 85 44 03 26 75 72 
11 74 00 70 74 76 01 66 04 86 39 90 37 49 28 64 35 48 94 69 50 95 29 70 04 18 22 52 54 78 50 43 65 53 97 87 83 46 92 28 19 33 30 74 37 17 67 10 65 04 53 16 12 70 05 71 17 27 61 88 05 60 36 69 86 46 19 18 67 31 22 17 13 60 31 78 28 54 61 90 83 17 73 88 83 72 48 30 81 13 84 37 36 58 02 72 28 09 28 10 15 86 51 82 66 55 06 35 36 11 87 04 17 31 45 31 47 70 75 21 96 02 37 81 18 87 29 29 89 74 48 11 07 95 53 25 96 82 84 82 76 66 35 05 34 69 29 95 80 62 18 73 01 97 33 10 12 89 18 68 08 53 71 72 16 69 17 00 66 84 61 59 55 25 11 97 43 30 49 34 48 73 24 67 78 81 49 13 69 33 82 72 62 35 53 46 02 49 
50 16 75 84 97 07 69 22 39 40 91 94 94 03 09 57 58 38 49 14 30 87 31 18 50 76 71 88 18 93 19 02 73 33 65 80 18 74 06 21 54 46 70 16 19 61 11 97 98 74 74 36 83 28 31 71 69 69 95 57 52 72 08 24 23 66 20 50 16 08 44 10 11 80 08 31 45 71 90 01 40 14 58 62 85 36 93 46 00 91 34 66 11 47 04 40 53 82 62 50 50 60 52 10 79 58 77 53 60 97 78 10 93 54 43 89 75 15 31 26 20 38 30 16 13 85 31 01 30 01 55 14 42 87 90 67 42 54 88 72 15 09 92 88 84 40 13 88 60 72 49 21 20 58 63 89 44 57 04 88 38 98 03 55 82 46 06 55 00 91 93 56 27 77 44 30 53 72 94 10 12 17 43 72 09 50 56 42 53 35 29 10 77 97 52 61 23 99 43 
78 70 47 84 55 81 78 33 59 60 04 50 86 67 63 99 45 11 70 72 11 57 96 00 03 63 81 86 02 86 10 31 68 82 51 95 92 25 88 53 26 75 41 88 22 28 26 93 34 64 25 15 10 39 19 06 32 25 81 32 23 57 48 92 82 84 89 99 71 75 88 83 10 89 43 53 04 65 25 93 64 25 74 29 33 45 87 24 90 09 83 56 50 87 83 39 10 39 97 12 73 09 63 98 16 04 24 33 95 12 83 56 86 63 31 98 49 88 84 21 98 79 27 67 85 94 88 74 65 25 64 87 60 75 00 60 81 41 48 55 38 67 25 31 80 64 63 48 08 48 01 56 05 11 05 12 09 59 42 92 93 36 34 22 67 84 89 24 68 36 35 89 51 98 79 57 53 30 89 45 37 69 29 78 88 99 62 81 80 31 24 77 64 81 03 52 11 13 23 34 
